0 14 28 73 71 94 49 29 74 45 30 21 22 90 97 91 41 39 17 72 70 34
1 64 89 51 31 81 12 30 97 77 46 39 80 49 4 29 75 76 94 63 48 9 27 21 74 67 68 37 55 8 19 73 66 91 34 83 59 60 24 17 79
2 78 73 91 36 8 98 21 83 37 55 9 27 99 18 76 52 15 6 96 68 95 81 40 53 69 4 17 66 56 51 57 20
3 11 50 84 93 35 22 31 87 92 52 34 16 99 95 55 68 60 42 63 76 27 9 88 79 44 64 33
4 36 35 24 7 14 90 44 43 38 96 1 49 28 97 69 76 32 47 95 2 51 58 33 12 53 60 64 79
5 84 53 62 79 72 97 69 61 40 17 26 12 96 77 37 46 23 76 31 10 87 89 49 21 57 34 20 85 54 71 56 73 33 14 98
6 98 78 51 36 31 90 84 70 14 82 71 49 40 2 20 63 41 27 21 80 24 13 81 67 11 50 8
7 15 4 94 63 24 96 79 68 44 34 27 9 81 78 71 29 26 91 80 70 93 90 48 20 85 82 40 33 30 60 77 74 67 32
8 38 45 76 22 2 50 57 98 12 78 52 59 65 14 60 91 66 73 1 36 92 43 74 27 48 62 86 93 75 6
9 50 60 46 87 30 35 45 86 2 7 44 72 99 55 1 17 98 13 54 82 92 3 53 81 90 67 77 23 51 61 38 89 76
10 55 43 27 87 94 64 53 39 46 65 50 36 92 47 5 98 31 37 44 68 28 14 90 45 18 29 35 42 66
11 90 3 72 65 21 56 49 36 93 64 59 39 92 25 30 33 17 22 32 94 87 69 16 14 81 86 96 6 45 80 62 37
12 81 32 52 92 73 64 1 5 8 53 84 43 83 34 74 27 18 63 76 29 20 19 56 57 48 87 4 22 13 49 40 80 97 24
13 85 78 64 77 70 25 18 99 61 54 40 33 31 46 39 89 82 75 68 16 9 52 38 81 6 58 51 37 87 80 12 21 57 50 43 86 72
14 77 0 48 4 82 92 46 31 6 65 83 54 21 73 34 44 62 96 19 8 52 63 11 10 50 53 60 24 58 61 5 22 67
15 7 73 95 60 32 81 41 19 2 89 62 27 57 20 29 26 91 51 23 79 39 44 50 22 31 38 92
16 47 92 59 74 65 21 84 60 22 96 85 76 3 43 25 97 88 62 77 68 44 13 17 11 78 90 81 91 64
17 64 43 37 30 85 42 29 5 90 41 27 21 96 82 76 55 26 11 9 16 95 2 73 66 60 53 46 0 39 65 58 1 99 79
18 84 55 65 32 90 85 61 76 52 33 2 13 96 77 12 88 83 59 45 80 56 42 95 67 34 20 10 87 73 49 35
19 91 96 20 29 34 57 76 85 90 37 51 56 15 45 50 73 78 14 12 24 33 1 80 41 88 21 26 49 54 63 82
20 75 89 19 46 53 84 59 90 47 54 61 91 98 26 6 62 12 27 41 15 65 48 63 87 36 66 49 73 7 5 23 18 67 57 88 38 2 45
21 28 37 46 11 2 16 63 92 0 71 17 82 91 14 23 43 70 81 1 99 6 22 31 33 51 60 5 98 41 77 95 88 97 29 13 38 67 19
22 40 75 8 87 41 67 90 84 3 16 73 51 91 26 0 11 65 48 21 79 76 63 71 12 99 15 34 74 60 14
23 95 36 98 46 39 5 27 63 21 74 88 26 80 57 15 68 93 97 31 20 42 56 9 71 85 96
24 99 4 77 84 44 58 7 38 92 30 65 93 31 33 80 47 96 19 74 81 6 62 26 82 14 63 27 1 69 76 83 12 90 57
25 58 83 84 38 57 64 91 13 55 98 11 29 72 35 36 16 97 70 79 80 43 87 42 67 77 86 32 41 66 85 94
26 67 92 64 75 42 53 5 70 83 61 20 99 7 22 91 17 58 23 30 96 15 79 41 76 24 36 94 54 77 44 62 57 19
27 65 95 45 10 44 37 2 7 74 17 86 47 23 36 12 15 1 39 6 20 96 83 40 33 63 3 93 82 8 55 98 73 24 78 42 35 49 29
28 21 0 87 63 75 80 4 77 43 90 36 10 60 83 99 72 38
29 37 19 89 82 61 0 17 95 42 35 25 1 69 94 7 12 93 15 33 74 46 39 57 50 91 21 38 10 79 90 27 83
30 17 42 45 9 98 87 32 1 24 84 95 0 33 11 71 38 26 93 39 58 47 7 88 59 37
31 91 64 73 1 54 36 6 45 93 49 14 3 48 57 47 13 96 24 86 68 5 33 21 10 81 76 80 70 23 58 40 15 83 37 34
32 77 91 12 18 43 83 97 30 15 44 58 70 84 45 36 59 73 71 94 85 37 11 4 61 52 80 87 41 25 53 42 7
33 74 67 68 53 73 58 91 18 72 57 65 50 84 30 13 11 46 24 31 21 29 38 78 19 27 4 62 70 7 35 75 54 5 3
34 19 66 93 97 45 63 90 7 12 42 37 78 3 14 52 79 65 35 58 98 46 5 59 77 18 95 86 1 22 56 51 92 31 0
35 4 56 94 99 9 59 83 3 29 53 40 25 61 90 72 34 63 33 27 10 57 18 86 77
36 4 70 77 2 23 6 31 11 42 62 43 82 64 79 27 32 48 25 10 56 85 20 28 50 8 26 68 67 51 40 87 69 76 96 60
37 21 29 54 80 89 17 42 65 2 19 27 85 38 5 47 34 40 60 46 79 32 1 10 98 58 91 68 13 55 48 90 43 30 31 11
38 8 97 59 53 94 25 51 45 24 73 4 37 57 87 30 49 79 33 98 13 60 21 29 96 9 61 15 47 89 20 28 75
39 53 83 65 98 23 92 45 11 1 10 44 13 27 94 47 76 30 0 29 17 15 48 91 80
40 22 81 52 41 5 64 71 78 42 37 83 13 90 65 6 79 35 43 2 62 27 93 68 75 31 7 36 12 76
41 43 86 40 73 22 15 54 17 79 6 20 61 26 0 81 59 68 21 19 32 25 45 87 65
42 74 53 60 37 30 87 36 64 17 50 26 61 40 29 72 34 44 71 45 3 68 49 18 25 90 57 23 66 52 63 27 10 32 86
43 41 17 58 75 51 64 10 32 4 61 67 36 12 84 53 40 16 21 96 87 63 28 25 57 44 8 98 91 80 56 78 37 90 13 83 48 70 46
44 24 63 45 4 93 27 83 32 56 7 55 9 42 66 39 57 47 14 96 95 86 68 16 88 78 10 43 98 15 79 70 3 51 26 90 62
45 78 71 8 27 30 31 44 91 77 70 34 9 38 39 0 83 59 52 69 19 32 96 82 58 75 42 18 88 67 56 10 11 62 79 55 41 20 92
46 21 9 68 20 14 59 66 23 1 5 56 10 33 37 13 57 85 55 83 29 34 17 98 50 43 88 99
47 16 52 76 58 70 55 79 60 20 37 27 31 92 44 64 10 73 24 39 4 67 94 30 56 89 38 53 77 88
48 77 14 58 49 90 72 79 98 31 60 36 71 1 22 52 20 7 62 84 12 39 56 8 37 43 95
49 51 95 11 48 0 50 72 31 1 6 4 38 5 42 84 20 61 89 75 69 59 12 88 18 19 27
50 9 89 80 3 66 8 49 42 81 33 61 52 92 73 19 64 53 10 93 70 65 59 76 36 98 29 56 14 77 15 46 13 57 6
51 49 1 6 59 43 70 93 38 53 19 78 87 22 67 95 55 60 21 94 63 15 96 4 74 13 88 57 2 36 44 9 77 82 34 98
52 70 90 47 40 62 12 99 18 92 45 79 50 2 3 8 87 34 94 48 66 13 73 14 95 32 96 67 53 59 42 75
53 5 42 33 38 39 20 26 51 73 82 12 10 35 43 72 50 2 78 58 88 57 9 17 14 52 76 4 85 32 54 47
54 92 37 56 31 57 73 64 20 91 41 62 13 14 65 63 99 79 89 80 9 60 76 81 26 53 95 5 33 59 19 75 66
55 72 10 18 94 89 2 47 44 25 74 9 17 51 3 79 1 46 93 90 71 85 27 37 45
56 54 35 11 67 81 88 19 44 46 59 77 60 84 36 91 12 98 18 64 45 50 43 2 47 48 72 23 86 5 34 87 94
57 69 97 19 8 58 25 67 77 54 96 33 75 76 38 31 44 93 46 15 43 23 12 53 62 71 29 5 81 42 51 20 61 13 80 50 98 26 2 35 24
58 25 86 81 43 47 48 24 57 33 69 87 32 60 84 45 61 26 92 53 64 82 34 4 37 13 30 72 59 83 90 31 17 14 91 98
59 97 38 51 16 93 82 20 46 35 73 11 92 45 72 56 95 32 8 18 64 89 94 50 41 58 34 77 52 80 49 1 54 30 76
60 9 42 15 69 91 96 47 16 84 83 97 58 48 71 94 85 37 51 3 56 73 95 8 86 99 21 54 17 38 14 28 66 4 89 1 22 7 77 68 36
61 67 29 5 42 18 91 43 20 13 50 26 71 58 35 41 77 70 32 49 87 57 9 68 38 86 14
62 5 79 52 80 66 36 54 74 15 20 86 14 75 40 16 63 94 72 48 24 57 33 84 70 8 45 26 85 78 11 44 99
63 7 44 70 21 99 34 28 23 12 1 54 6 43 20 72 62 14 51 27 3 87 92 22 35 86 95 24 77 42 19 94
64 1 17 31 69 43 13 26 42 11 12 79 40 25 10 54 36 50 65 95 47 59 58 66 80 56 97 77 68 3 4 16
65 11 27 18 66 85 16 39 37 72 83 84 14 33 99 24 40 82 10 54 8 64 22 71 34 50 20 80 75 17 68 93 41
66 65 34 50 72 90 46 62 73 91 44 76 94 8 52 64 20 1 17 95 2 86 60 74 42 25 10 54
67 26 33 71 61 56 57 70 22 43 73 85 90 51 97 1 84 45 47 92 74 36 52 6 18 9 25 99 20 77 21 7 14
68 33 99 46 71 79 7 83 2 31 91 3 44 13 16 1 42 96 86 10 74 23 41 36 37 40 94 75 61 64 65 60
69 57 64 88 60 5 58 99 94 73 45 29 83 4 78 2 11 82 77 49 81 36 24 89
70 94 72 36 52 63 45 73 51 67 6 47 13 26 32 87 21 25 50 7 96 85 76 61 97 33 77 31 62 44 75 0 43
71 45 67 0 68 85 40 95 77 21 6 7 60 42 32 48 87 76 61 30 65 96 86 99 57 55 22 23 5
72 11 70 5 55 66 49 65 87 48 33 42 9 59 25 53 88 95 77 35 82 63 78 62 90 58 56 84 73 0 28 13 85
73 2 15 0 31 41 90 33 70 12 96 59 38 53 54 69 66 67 76 22 50 19 32 14 74 47 60 8 52 1 17 20 94 84 72 27 5 18 98
74 33 42 16 0 77 27 12 55 62 23 73 75 1 24 29 68 8 51 67 92 66 22 82 7
75 20 22 43 79 26 57 90 83 28 1 45 62 82 13 74 92 49 65 95 40 84 68 33 70 8 52 89 76 38 54
76 88 78 8 47 19 89 18 2 57 73 16 1 17 82 12 5 71 4 39 66 84 70 31 50 3 54 94 85 26 22 53 95 77 36 24 40 9 59 75
77 32 14 48 95 88 36 24 45 80 57 13 74 1 5 71 18 72 85 28 56 16 91 61 69 90 70 21 34 50 9 59 25 63 26 76 51 67 64 47 7 60 35
78 2 86 45 76 6 13 40 95 8 51 34 7 19 53 69 83 93 33 72 44 16 96 43 27 97 62
79 91 5 62 98 75 84 90 64 47 7 68 48 36 52 40 41 86 95 37 34 25 38 54 81 26 55 22 15 44 3 45 29 99 4 1 17
80 89 37 50 99 77 62 1 91 82 28 24 7 25 54 23 6 18 64 65 19 96 32 31 94 43 13 59 11 12 88 57 39
81 12 40 58 94 56 1 15 50 93 98 7 92 2 21 90 83 84 79 31 24 96 13 41 11 54 6 57 9 69 88 16
82 95 59 29 14 87 53 36 6 80 21 65 17 45 76 13 75 99 72 58 9 69 91 27 24 7 51 74 19
83 94 25 39 32 2 44 97 35 65 45 60 14 12 26 40 68 91 75 18 69 81 78 27 84 46 98 58 28 1 31 43 24 29
84 5 18 24 25 20 79 6 3 22 65 16 60 12 30 32 33 58 43 81 56 85 92 76 67 91 49 83 48 93 62 75 72 73
85 87 13 65 17 19 71 18 94 37 16 60 67 77 32 46 84 36 92 70 76 55 7 53 5 23 90 62 25 72
86 78 58 41 9 27 87 79 31 62 44 93 60 71 68 91 11 66 34 25 63 56 8 61 13 98 35 42
87 85 9 90 22 42 30 58 10 92 28 82 72 70 51 3 86 38 71 52 43 94 5 20 11 25 63 12 32 61 13 36 18 41 56
88 76 77 69 97 56 90 99 72 23 18 16 45 44 53 51 3 21 81 19 20 30 80 94 49 46 47
89 1 20 80 37 50 29 76 55 15 13 59 54 5 49 47 60 96 9 75 38 69
90 11 52 87 4 19 73 6 66 20 79 18 22 34 17 48 88 40 75 92 67 0 81 35 28 93 55 7 72 42 77 58 9 10 16 85 37 43 44 24 29
91 19 32 2 79 31 45 60 33 61 25 54 66 20 80 21 22 83 26 7 68 56 8 84 77 86 15 0 82 1 37 43 29 58 16 39
92 54 26 16 12 14 52 21 87 24 39 59 11 94 50 3 81 47 90 58 10 84 85 9 75 63 8 67 74 15 34 45
93 34 59 11 31 51 44 3 81 99 24 57 50 86 95 29 90 78 30 55 7 94 23 84 27 96 40 8 65
94 70 55 7 83 0 38 81 35 10 69 85 92 29 60 1 32 52 87 39 59 11 66 62 51 99 93 47 95 76 73 26 80 68 88 25 63 56
95 23 77 27 49 15 82 29 78 71 30 59 72 2 79 51 44 3 64 93 60 52 4 17 94 66 18 21 75 34 63 54 76 99 48
96 19 60 57 73 7 5 18 4 16 17 2 45 31 43 44 14 26 27 97 70 71 24 68 81 51 52 80 93 11 78 38 89 23 36
97 59 38 98 57 88 5 34 32 83 1 60 25 4 16 67 96 0 70 23 21 64 99 78 12
98 6 97 79 2 30 23 39 8 20 25 48 81 9 56 10 38 21 83 37 34 50 43 44 46 27 57 73 58 86 51 5
99 24 68 52 35 80 63 69 2 13 65 93 26 88 9 3 54 21 82 60 94 71 22 67 95 97 28 79 17 46 62
